71
50 43
13 93
-100 86
49 4
-49 -82
-12 -14
-64 -73
92 38
32 -15
-17 -58
73 39
15 -91
41 -83
10 8
20 76
9 67
-76 -63
5 -11
55 25
-16 37
-19 63
-53 82
-46 -23
12 22
-93 43
42 -90
-24 68
-68 -65
45 -6
8 15
-49 38
0 -86
55 -91
96 -56
-68 -66
-92 -53
50 85
-9 54
-58 25
80 -85
68 -67
22 76
7 29
-80 -73
67 -22
-43 -79
-29 -48
-40 51
80 13
-7 37
-53 1
-17 4
29 -59
78 -36
-13 -44
-24 42
3 20
-80 -47
-27 -63
88 -93
-24 86
-83 11
-24 82
-67 28
-25 89
-64 90
2 76
-64 3
-91 64
89 -71
-29 -49
60 50 9 28
