64
-27 -49
98 65
-55 -19
5 -28
-45 36
-25 97
50 -23
79 7
15 -28
-15 58
-94 81
4 47
-94 -88
81 63
-63 -33
-30 95
-6 -47
-96 9
-55 68
31 40
15 -56
-4 100
-33 -22
-59 92
82 -41
34 -29
-70 37
33 15
-54 -5
-5 -40
-100 -55
71 30
99 14
33 -92
-47 -35
80 19
-68 77
10 64
-92 -16
97 -69
-46 -53
64 6
19 51
-37 -94
13 -93
-63 -7
37 -93
29 12
29 94
-32 -55
-83 -30
44 -78
-58 34
2 73
93 3
-73 -28
-41 -81
36 22
100 -64
67 -79
-64 -16
69 -82
-38 -44
-60 88
-52 61 34 -41
